5
5
2 5 3 4 1
3
2 1 3
4
1 2 3 4
1000
16807 72425 33847 33809 97490 6570 26534 36300 63336 17637 56205 27011 66648 42300 6839 11128 67915 31564 70607 41177 35338 18421 5061 77177 11389 59618 91125 66236 42883 80278 79549 91459 7876 28248 8003 70585 67394 62906 15297 50976 6662 89573 85875 3158 11494 90185 11664 75093 34338 76986 18541 10894 11602 52041 7953 67915 77677 82920 90006 59603 8295 43832 17462 11173 76614 96246 35262 45460 87876 73350 49546 30732 22685 88390 12489 79841 18856 53461 23072 85130 6338 17402 75289 31717 27872 20676 14295 94827 97989 75217 77181 14545 91968 35860 94059 13399 27867 12266 48655 44224 39963 34849 77704 51999 7836 7082 35946 81688 10817 67200 1093 30162 47836 25047 40217 48216 94712 75831 12620 87612 98307 67661 41530 79112 15818 10725 98973 99379 67122 4143 78895 71363 38854 65221 22482 25495 74964 21544 61062 41743 35918 4314 2795 49876 10500 11012 52595 98549 31921 66516 88008 15459 46389 71030 76599 31710 9568 42775 35556 68881 30801 19275 37453 72406 34629 9731 87062 84795 92020 31723 22409 96376 39384 15255 6318 51745 31116 42258 91806 55170 89880 97505 77901 35532 85254 37763 98903 75367 35252 63934 18024 21103 22842 82359 45394 53608 25612 82424 45245 6442 60449 62216 57620 69901 69412 95603 1450 28986 20448 10506 77169 91724 66376 5539 10995 14843 16613 58205 6833 215 18308 90595 68046 1376 47447 86940 15536 74685 36271 36617 50278 81448 8413 15995 4084 18543 46779 18437 23413 11717 96751 94013 6815 50184 63122 28960 65221 59810 49710 89096 77832 87620 44201 24378 21797 45879 30547 81117 92124 80053 80196 18979 39979 28425 71523 81704 39462 83675 74997 83196 26870 17177 95829 28475 6700 54498 89966 20871 16478 19091 37811 1169 34435 61683 97264 30778 31818 98516 46472 43901 60421 21742 57338 59961 45431 62425 76062 31692 49359 38109 55102 11055 70253 66764 4188 47598 90496 63440 67988 91377 91780 29835 3662 83950 46099 43170 84286 18239 17456 2141 57355 83780 67264 13805 20814 37412 99961 63568 64906 29336 55031 46923 90438 27708 69139 52872 71257 67280 6975 88495 31054 93209 58919 58900 21629 20950 30107 64737 38130 64970 50008 35912 20964 88355 77170 65189 10967 35202 2096 9788 58756 5781 55029 72836 7691 43257 42022 24437 50097 5179 89570 9316 94202 23911 2206 48278 30206 64554 27317 68990 79681 44664 40895 91732 274 35140 77836 18487 10398 5122 45719 65224 7631 18540 8392 12800 57345 68197 33463 77940 25265 61081 92097 37539 54743 9860 83462 61984 77307 76063 73450 742 42042 73657 13007 9112 85714 82180 55234 43746 67158 66698 37879 55605 19476 88333 50458 848 55002 52096 74924 85690 25971 93888 68771 59239 41263 39783 75213 8510 9639 85915 40200 12601 23244 78920 44422 15152 43713 11323 22642 35962 50538 40106 82889 91568 70039 23180 46002 45240 89848 36859 39658 96867 77878 33424 14510 43496 31911 27125 14200 7771 55218 98064 1444 6699 79674 96612 64161 21954 6584 24152 40669 55204 71640 37666 95109 98985 51581 43344 35162 89503 87292 51478 35329 98087 44401 22179 66617 80887 47570 8639 52064 43653 17705 23108 35682 73615 2097 6024 14475 79071 59230 72014 34083 35178 16848 92032 91064 6674 89312 8382 20865 50113 75498 57531 56880 35535 17521 52700 62694 30644 72109 24756 81562 11540 42200 60557 90603 72536 56664 80462 52719 73255 88763 8800 14213 4342 38402 4101 62202 74922 92122 95963 8571 60891 65882 50748 18758 36828 23426 24205 18067 62522 17264 81072 4711 55499 66405 40143 44584 57734 6163 94698 56289 23156 73034 89648 40689 33685 80826 94123 81805 99072 27358 43987 69921 94937 49389 64863 15867 25213 63965 71766 52681 10275 9110 47673 45813 87733 67474 48826 38401 43107 65804 84013 14026 48766 91133 8378 59933 98863 1178 59468 72390 27092 76538 16043 178 30256 67443 82336 88174 35761 80000 43109 12185 13283 27364 58158 78929 74163 36742 75118 42532 1903 82255 53986 60354 62790 5238 52092 72768 51619 8069 55188 25169 80339 10585 89205 83042 45428 6509 96729 62562 12292 45981 13973 65049 9049 40603 16347 55202 17142 61165 77855 27808 46473 55866 70444 64967 98863 81717 46733 97924 63483 67921 4658 33713 51048 93238 82783 90797 66509 50601 90771 24817 94077 11411 55778 10954 42089 71260 16978 96426 20015 27231 63120 32699 90415 36037 30512 62938 52029 14793 3437 32552 15980 76130 81242 44935 11541 67201 88967 33886 66109 10399 32819 96782 36820 17227 5852 66973 29365 24738 72004 71888 90916 15533 64635 71386 88893 70325 12162 59306 6291 65028 18434 63212 57604 67897 7142 76392 47257 99465 95578 56279 87574 19485 2822 41338 87029 10266 67343 88548 9417 76678 29941 65222 30717 48359 65019 31401 57615 371 64978 34083 62741 36550 91048 12183 88633 33415 22372 29841 75189 16192 9394 66501 18867 26565 91588 57805 11713 30098 41928 22318 10713 86879 30515 21624 53670 28568 84234 74183 31452 45637 78470 97377 38422 87254 36207 172 72566 5628 63887 31905 14619 56975 38460 15869 32798 60648 50501 24104 48424 35005 52320 66773 83528 42067 47837 53703 56131 3992 54418 76671 77359 87115 87328 83643 71713 79488 51319 58585 77429 14825 33765 61113 47528 31105 71822 35743 15507 65863 37519 86015 67124 52611 48714 78625 40600 27593 81772 89184 61997 90273 98610 35917 95218 51463 46055 98 49594 60490 88537 55941 45635 77261 50095 53959 69170 56718 62799 45563 49300 59055 14033 87554 1311 11080 62168 76521 15360 21993 85159 71285 68673 92914 3627 58214 86423 32577 6411 52714 23996 93850 96942 75034 86605 37514 11105 55448 61804 39700 48747 16793 3949 40471 7795 442 46589 33767 31798 5226 16606 11064 27859 24339 21212 75933 36164 99303 31160 71425 52250 61539 76362 42499 74541 99853 699 63202 58665 57432 86475 85034 75011 65597 90785 52316 55789 66168 15469 98826 99716 11090 72875 66229 55506 434 1075 41897 75075 10747 7403 98801 31102 69719 75687 67067 80221 23996 47378 87754 4766 77479 21428 28151 65504 48870 78317 3279 32010 87431 1613 68403 83603 9895 75487 430 26388 31173 51286 48307 73529 85 33129 54149 63780 60156 84686 8420 50962 55313 45954 54544 3812 37716 24007
100
29513 88302 57944 20300 19531 31335 79859 80815 8244 32981 76209 61086 51112 41622 59449 89801 63451 47297 37943 21220 65706 9638 60793 2260 86690 74953 65767 16978 72550 14825 45392 68791 21784 6643 76280 64493 37247 11852 61162 22977 46743 88872 88331 20777 34382 75443 11223 46905 46825 77200 65887 6459 24573 45602 20415 47925 23485 93339 60770 12102 34188 67312 63515 84728 36165 59736 6991 99406 65144 45118 1920 46894 50969 14664 10189 49716 49294 93491 10244 8127 51248 4816 42523 91456 25308 61510 77245 31521 36146 4655 24815 5038 85295 62694 96707 93893 76246 82792 24035 70295
